873	558
1	390	389	388	0	8	0
2	392	391	390	0	8	0
3	490	95	534	374	455	752
4	476	550	483	465	517	474
5	392	388	551	14	315	8
6	385	387	386	0	0	438
7	73	75	533	387	480	555
8	390	388	392	5	2	1
9	551	387	545	438	222	14
10	397	396	394	13	15	0
11	398	397	399	46	0	0
12	393	392	394	315	0	0
13	395	394	396	10	0	0
14	387	551	388	5	0	9
15	551	397	394	10	315	41
16	383	538	545	35	567	714
17	377	376	375	0	19	0
18	378	377	379	31	0	0
19	377	375	373	20	29	17
20	374	373	375	19	0	0
21	405	549	407	241	53	57
22	381	548	538	727	714	396
23	545	530	537	89	462	35
24	546	557	513	743	434	582
25	384	383	385	567	0	0
26	519	404	399	43	46	45
27	382	381	383	714	0	0
28	553	549	543	61	576	263
29	548	377	373	19	30	396
30	371	548	373	29	34	36
31	381	379	377	18	396	33
32	496	194	193	66	90	175
33	379	381	380	0	0	31
34	372	371	373	30	0	0
35	545	538	530	381	23	16
36	548	371	369	92	207	30
37	218	538	485	727	106	297
38	400	402	401	0	0	39
39	402	400	399	0	43	38
40	509	153	151	141	145	869
41	397	551	519	222	46	15
42	402	404	403	0	0	43
43	404	402	399	39	26	42
44	497	487	144	847	201	867
45	405	404	519	26	57	0
46	519	399	397	11	41	26
47	503	317	3	637	644	54
48	90	555	536	316	551	290
49	552	553	164	576	95	399
50	119	535	117	351	759	664
51	411	410	409	0	52	0
52	412	411	409	51	60	0
53	407	406	405	0	21	0
54	318	317	503	47	620	0
55	239	554	531	719	718	543
56	409	408	407	0	241	0
57	405	519	549	61	21	45
58	449	521	454	312	296	270
59	525	535	478	664	692	456
60	413	412	409	52	211	0
61	519	543	549	28	57	255
62	189	190	191	64	65	72
63	182	489	189	72	83	75
64	192	191	190	62	71	80
65	189	191	188	86	81	62
66	193	194	195	70	68	32
67	190	489	193	90	71	72
68	193	195	192	73	71	66
69	197	196	195	73	70	165
70	197	195	194	66	175	69
71	190	193	192	68	64	67
72	489	190	189	62	63	67
73	192	195	196	69	88	68
74	176	178	177	77	91	737
75	182	530	489	381	63	85
76	179	178	180	78	429	77
77	178	179	177	320	74	76
78	178	182	180	82	76	85
79	543	165	164	254	576	232
80	187	191	192	64	326	86
81	184	189	188	65	84	83
82	180	182	181	321	429	78
83	182	189	184	81	87	63
84	188	185	184	324	81	323
85	530	182	178	78	737	75
86	187	188	191	65	80	329
87	183	182	184	83	324	321
88	482	192	196	73	277	326
89	537	530	176	737	574	23
90	496	193	489	67	394	32
91	175	176	177	74	236	574
92	371	370	369	0	36	0
93	369	368	367	0	749	0
94	536	541	547	129	720	316
95	164	510	552	229	49	286
96	366	527	367	749	0	291
97	36	517	31	701	683	830
98	525	532	25	300	538	685
99	364	558	527	101	291	104
100	364	366	365	0	0	291
101	485	527	558	99	281	432
102	479	517	274	828	700	701
103	525	516	546	408	456	400
104	558	364	362	117	120	99
105	218	219	220	107	418	106
106	218	485	219	110	105	37
107	220	219	221	110	114	105
108	220	498	508	158	418	111
109	222	223	220	111	114	112
110	221	219	485	106	115	107
111	220	223	498	146	108	109
112	224	223	222	109	113	116
113	222	486	224	135	112	461
114	222	220	221	107	115	109
115	222	221	485	110	281	114
116	225	223	224	112	127	146
117	364	363	362	0	104	0
118	496	199	197	160	175	149
119	150	146	486	143	138	142
120	558	362	359	128	590	104
121	65	533	526	539	717	531
122	360	362	361	0	0	128
123	495	499	501	322	428	852
124	547	510	499	256	401	298
125	359	358	357	0	409	0
126	501	179	181	429	319	320
127	226	225	224	116	135	132
128	360	359	362	120	122	0
129	518	547	541	94	745	298
130	556	355	544	443	317	726
131	228	227	226	132	185	147
132	226	227	225	150	127	131
133	147	145	146	143	181	186
134	229	486	145	143	183	136
135	486	226	224	127	113	136
136	226	486	229	134	185	135
137	150	151	149	140	142	145
138	509	150	486	119	849	145
139	152	497	149	202	140	848
140	152	149	151	137	141	139
141	152	151	153	40	540	140
142	150	149	146	144	119	137
143	146	145	486	134	119	133
144	148	146	149	142	202	181
145	509	151	150	137	138	40
146	223	225	498	150	111	116
147	498	227	228	131	204	150
148	202	203	204	845	167	166
149	496	508	199	161	118	375
150	225	227	498	147	146	132
151	205	206	204	167	712	170
152	208	210	209	155	159	153
153	208	498	210	203	152	870
154	211	213	475	208	174	190
155	211	209	210	152	156	174
156	210	212	211	190	155	203
157	205	208	207	159	170	870
158	498	204	508	845	108	712
159	209	207	208	157	152	205
160	197	199	198	163	165	118
161	199	508	203	845	172	149
162	505	198	200	163	173	327
163	200	198	199	160	164	162
164	199	201	200	171	163	172
165	197	198	196	327	69	160
166	203	202	201	171	172	148
167	202	204	206	151	733	148
168	505	202	475	733	713	173
169	207	475	206	733	170	205
170	206	205	207	157	169	151
171	201	202	200	173	164	166
172	199	203	201	166	164	161
173	200	202	505	168	162	171
174	209	211	475	154	205	155
175	194	496	197	118	70	32
176	230	216	474	283	179	178
177	230	228	229	185	182	179
178	216	230	231	182	187	176
179	230	474	228	204	177	176
180	145	144	231	198	183	186
181	148	147	146	133	144	184
182	229	231	230	178	177	183
183	229	145	231	180	182	134
184	147	148	144	201	186	181
185	229	228	226	131	136	177
186	144	145	147	133	184	180
187	216	231	142	197	200	178
188	214	215	213	196	191	861
189	474	214	498	193	204	861
190	212	213	211	154	156	191
191	213	212	214	193	188	190
192	487	215	217	195	199	196
193	498	214	212	191	203	189
194	217	142	143	197	199	200
195	215	216	217	200	192	283
196	215	487	213	208	188	192
197	143	142	231	187	198	194
198	231	144	143	847	197	180
199	143	487	217	192	194	847
200	216	142	217	194	195	187
201	148	497	144	44	184	202
202	497	148	149	144	139	201
203	210	498	212	193	156	153
204	474	498	228	147	179	189
205	475	207	209	159	174	169
206	492	116	487	355	867	219
207	527	548	369	36	749	432
208	475	213	487	196	586	154
209	416	419	418	0	212	220
210	514	550	544	474	450	546
211	409	520	413	230	60	572
212	416	418	417	0	0	209
213	344	343	514	479	450	0
214	470	502	471	382	0	421
215	416	414	424	228	226	216
216	414	416	415	0	0	215
217	426	424	520	228	244	225
218	491	288	286	844	851	783
219	116	492	118	662	373	206
220	419	416	420	223	0	209
221	422	421	420	0	223	0
222	519	551	545	9	462	41
223	420	416	422	226	221	220
224	542	259	257	709	756	710
225	426	425	424	0	217	0
226	424	422	416	223	215	227
227	424	423	422	0	226	0
228	520	424	414	215	230	217
229	510	518	552	279	95	298
230	413	520	414	228	0	211
231	169	170	171	233	234	260
232	169	165	543	79	260	249
233	171	170	172	240	237	231
234	168	169	171	231	253	250
235	175	174	172	238	259	236
236	175	177	174	318	235	91
237	172	173	171	242	233	238
238	173	172	174	235	342	237
239	495	183	185	324	325	428
240	172	170	537	258	259	233
241	407	549	409	572	56	21
242	171	173	499	322	253	237
243	429	428	430	448	0	0
244	520	428	426	248	217	247
245	5	317	523	580	267	640
246	533	506	528	813	593	268
247	520	553	428	448	244	263
248	427	426	428	244	0	0
249	169	166	165	254	232	252
250	169	168	167	392	252	234
251	167	510	166	286	252	256
252	166	169	167	250	251	249
253	499	168	171	234	242	392
254	165	166	164	286	79	249
255	543	519	537	462	258	61
256	167	499	510	124	251	392
257	441	518	442	440	0	282
258	543	537	170	240	260	255
259	537	175	172	235	240	574
260	170	169	543	232	258	231
261	430	432	431	0	0	262
262	430	500	432	266	261	389
263	520	549	553	28	247	572
264	481	506	507	268	731	823
265	500	434	433	0	266	271
266	433	432	500	262	265	0
267	6	5	523	245	625	636
268	506	533	507	646	264	246
269	435	437	436	0	0	838
270	541	521	449	58	314	424
271	500	435	434	0	265	284
272	528	41	40	815	871	813
273	438	437	439	276	0	0
274	511	540	482	755	853	741
275	440	439	441	282	0	0
276	518	439	437	273	279	282
277	505	482	196	88	327	853
278	478	124	129	660	657	309
279	518	437	552	838	229	276
280	444	443	445	293	0	0
281	558	222	485	115	101	461
282	441	439	518	276	257	275
283	216	215	474	861	176	195
284	552	435	500	271	399	838
285	514	334	522	561	546	469
286	510	164	166	254	251	95
287	38	39	494	836	829	837
288	446	448	447	0	0	289
289	448	446	445	0	754	288
290	555	90	490	425	812	48
291	364	527	366	96	100	99
292	276	494	278	824	834	831
293	445	443	541	745	754	280
294	450	452	451	0	0	295
295	452	450	449	0	296	294
296	449	454	452	304	295	58
297	496	538	218	37	375	394
298	547	518	510	229	124	129
299	107	512	108	350	363	368
300	25	532	27	866	675	98
301	526	484	488	833	835	702
302	128	473	131	306	653	484
303	455	454	456	312	0	0
304	452	454	453	0	0	296
305	139	140	477	526	521	507
306	134	131	473	302	493	508
307	457	456	458	310	0	0
308	459	458	460	393	0	0
309	122	124	478	278	667	665
310	456	521	458	393	307	312
311	64	526	63	835	527	717
312	456	454	521	58	310	303
313	522	70	68	467	464	552
314	448	541	449	270	0	754
315	392	551	394	15	12	5
316	555	541	536	94	48	424
317	544	504	556	454	130	568
318	174	177	501	320	342	236
319	181	183	501	428	126	321
320	177	179	501	126	318	77
321	181	182	183	87	319	82
322	499	173	501	342	123	242
323	188	186	185	325	84	329
324	183	184	185	84	239	87
325	186	495	185	239	323	328
326	192	482	187	369	80	88
327	196	198	505	162	277	165
328	495	186	482	369	755	325
329	187	186	188	323	86	369
330	98	511	100	341	333	741
331	97	98	99	333	334	708
332	540	92	536	551	720	716
333	99	98	100	330	340	331
334	97	99	101	340	335	331
335	101	96	97	337	334	353
336	102	101	100	340	343	338
337	97	96	94	344	426	335
338	534	101	102	336	339	353
339	513	534	102	338	371	743
340	101	99	100	333	336	334
341	511	103	100	343	330	740
342	501	173	174	238	318	322
343	103	102	100	336	341	360
344	95	94	96	337	374	403
345	110	114	112	347	348	346
346	114	110	108	364	350	345
347	112	114	113	352	356	345
348	110	112	111	356	367	345
349	116	117	115	351	354	373
350	108	512	114	855	346	299
351	117	535	115	585	349	50
352	113	114	115	354	585	347
353	101	534	96	374	335	338
354	115	114	116	855	349	352
355	487	116	512	855	586	206
356	112	113	111	370	348	347
357	105	106	104	359	362	358
358	106	105	107	368	365	357
359	104	106	513	361	371	357
360	102	103	104	362	371	343
361	111	513	106	359	366	370
362	104	103	105	740	357	360
363	108	109	107	365	299	364
364	108	110	109	367	363	346
365	109	106	107	358	363	366
366	106	109	111	367	361	365
367	110	111	109	366	364	348
368	107	105	512	372	299	358
369	187	482	186	328	329	326
370	113	513	111	361	356	427
371	513	102	104	360	359	339
372	105	511	512	747	368	740
373	116	118	117	759	349	219
374	95	96	534	353	3	344
375	496	218	508	418	149	297
376	467	466	521	385	384	0
377	554	502	555	421	812	543
378	469	468	470	383	0	0
379	521	555	468	383	384	424
380	90	92	91	405	425	551
381	538	489	530	75	35	394
382	232	471	502	214	411	0
383	470	468	555	379	421	378
384	521	468	467	0	376	379
385	464	521	466	376	395	397
386	509	558	556	590	454	849
387	76	533	75	7	595	564
388	461	460	462	391	0	0
389	430	553	500	399	262	448
390	463	462	464	391	0	0
391	460	464	462	390	388	397
392	168	499	167	256	250	253
393	458	521	460	397	308	310
394	489	538	496	297	90	381
395	465	464	466	385	0	0
396	381	377	548	29	22	31
397	464	460	521	393	385	391
398	516	263	524	445	417	753
399	500	553	552	49	284	389
400	20	516	525	103	669	757
401	547	499	540	852	720	124
402	94	93	92	405	426	403
403	94	95	93	404	402	344
404	93	95	91	752	405	403
405	93	91	92	380	402	404
406	240	246	244	722	410	407
407	239	246	240	406	0	718
408	546	516	542	417	582	103
409	556	359	357	125	726	590
410	244	242	240	419	406	423
411	502	238	232	413	382	412
412	238	502	239	543	0	411
413	238	233	232	0	411	415
414	233	236	235	0	416	415
415	233	238	236	420	414	413
416	235	234	233	0	414	0
417	542	516	524	398	710	408
418	220	508	218	375	105	108
419	240	242	241	0	0	410
420	236	238	237	0	0	415
421	502	470	555	383	377	214
422	539	255	250	706	724	452
423	243	242	244	410	0	0
424	555	521	541	270	316	379
425	490	90	91	380	752	290
426	92	97	94	337	402	716
427	513	113	535	585	434	370
428	495	501	183	319	239	123
429	181	179	180	76	82	126
430	157	497	154	848	483	498
431	353	352	351	0	433	0
432	485	548	527	207	101	727
433	353	351	350	0	439	431
434	535	546	513	24	427	456
435	350	348	346	437	449	436
436	348	350	349	0	0	435
437	347	346	348	435	0	0
438	387	385	545	567	9	6
439	350	544	353	443	433	449
440	443	442	518	257	745	0
441	532	533	493	593	866	539
442	354	353	355	443	0	0
443	544	355	353	442	439	130
444	346	345	344	0	446	0
445	263	262	524	742	398	0
446	346	344	544	450	449	444
447	67	66	483	451	542	535
448	430	428	553	247	389	243
449	346	544	350	439	435	446
450	344	514	544	210	446	213
451	62	483	66	447	530	519
452	255	539	256	715	0	422
453	343	342	341	0	479	0
454	504	509	556	386	317	869
455	490	534	557	743	588	3
456	535	525	546	103	434	59
457	339	338	337	0	463	0
458	339	341	340	0	0	459
459	514	341	339	458	460	479
460	335	514	339	459	463	469
461	558	486	222	113	281	849
462	519	545	537	23	255	222
463	335	339	337	457	476	460
464	68	550	522	546	313	465
465	68	483	550	4	464	542
466	67	68	65	477	535	542
467	69	68	70	313	468	477
468	70	71	69	647	467	473
469	335	334	514	285	460	0
470	155	153	504	869	485	481
471	488	60	61	520	528	525
472	333	332	334	561	0	0
473	72	71	70	468	552	556
474	550	476	544	568	210	4
475	327	522	332	561	544	566
476	335	337	336	0	0	463
477	65	68	69	467	531	466
478	6	491	4	632	636	643
479	341	514	343	213	453	459
480	71	73	533	7	647	556
481	153	155	154	483	540	470
482	161	504	476	568	736	491
483	154	155	157	490	430	481
484	497	473	128	302	658	498
485	156	155	504	470	827	490
486	472	161	160	505	489	491
487	158	156	159	827	494	488
488	156	158	157	492	490	487
489	160	159	472	537	486	494
490	156	157	155	483	485	488
491	472	504	161	482	486	537
492	157	158	473	495	498	488
493	473	135	134	501	306	500
494	160	158	159	487	489	495
495	158	160	473	497	492	494
496	132	134	133	501	534	508
497	139	473	160	495	505	504
498	157	473	497	484	430	492
499	133	136	137	524	506	502
500	135	473	136	504	502	493
501	135	133	134	496	493	502
502	133	135	136	500	499	501
503	136	139	138	521	524	504
504	473	139	136	503	500	497
505	160	161	139	507	497	486
506	133	137	484	676	534	499
507	161	140	139	305	505	536
508	132	131	134	306	496	654
509	162	163	141	511	512	510
510	163	162	161	536	736	509
511	141	163	58	513	518	509
512	140	162	141	509	526	536
513	476	58	163	511	736	514
514	476	59	58	522	513	516
515	59	60	477	525	522	520
516	476	61	59	520	514	517
517	476	483	61	519	516	4
518	141	58	477	522	526	511
519	62	61	483	517	451	528
520	61	60	59	515	516	471
521	138	139	477	305	523	503
522	58	59	477	515	518	514
523	477	488	138	833	521	525
524	137	136	138	503	676	499
525	477	60	488	471	523	515
526	477	140	141	512	518	305
527	64	63	66	530	533	311
528	488	61	62	519	532	471
529	478	130	484	673	692	657
530	63	62	66	451	527	532
531	533	65	69	477	647	121
532	63	488	62	528	530	835
533	65	64	66	527	535	717
534	132	133	484	506	673	496
535	66	67	65	466	533	447
536	140	161	162	510	512	507
537	504	472	159	489	827	491
538	525	25	23	688	669	98
539	532	526	533	121	441	685
540	152	153	154	481	848	141
541	332	331	330	0	544	0
542	67	483	68	465	466	447
543	554	239	502	412	377	55
544	332	330	327	550	475	541
545	329	328	327	0	550	0
546	522	550	514	210	285	464
547	327	326	325	0	563	0
548	74	72	515	554	560	553
549	79	515	529	569	598	599
550	329	327	330	544	0	545
551	90	536	92	332	380	48
552	72	70	522	313	566	473
553	72	74	73	555	556	548
554	327	515	72	548	566	562
555	73	74	75	560	7	553
556	72	73	71	480	473	553
557	325	324	323	0	563	0
558	539	557	542	582	715	581
559	323	321	529	571	569	570
560	515	75	74	555	548	595
561	522	334	332	472	475	285
562	327	323	515	569	554	563
563	325	323	327	562	547	557
564	76	78	533	646	387	594
565	320	318	529	592	571	575
566	522	327	72	554	552	475
567	545	385	383	25	16	438
568	476	504	544	317	474	482
569	529	515	323	562	559	549
570	322	321	323	559	0	0
571	321	320	529	565	559	0
572	549	520	409	211	241	263
573	313	316	315	0	579	578
574	176	175	537	259	89	91
575	319	318	320	565	0	0
576	553	543	164	79	49	28
577	77	76	515	595	599	594
578	316	313	317	580	0	573
579	313	315	314	0	0	573
580	317	313	523	584	245	578
581	531	557	539	558	707	588
582	542	557	546	24	408	558
583	311	313	312	0	0	584
584	313	311	523	623	580	583
585	113	115	535	351	427	352
586	487	512	475	713	208	355
587	35	528	37	871	840	814
588	490	557	531	581	719	455
589	310	309	311	623	0	0
590	556	558	359	120	409	386
591	503	87	86	608	618	613
592	318	84	529	604	565	620
593	493	533	528	246	814	441
594	76	77	78	596	564	577
595	76	75	515	560	577	387
596	78	77	79	599	603	594
597	80	507	78	646	603	619
598	83	79	529	549	604	601
599	77	515	79	549	596	577
600	82	81	83	601	609	607
601	83	81	79	605	598	600
602	83	84	85	610	609	604
603	78	79	80	605	597	596
604	529	84	83	602	598	592
605	80	79	81	601	607	603
606	85	507	82	619	609	611
607	80	81	82	600	619	605
608	85	86	87	591	617	610
609	85	82	83	600	602	606
610	86	85	84	602	618	608
611	54	507	85	606	614	731
612	87	89	88	615	617	613
613	503	89	87	612	591	644
614	54	85	88	617	765	611
615	57	88	89	612	616	621
616	89	1	57	635	615	631
617	87	88	85	614	608	612
618	503	86	84	610	620	591
619	82	507	80	597	607	606
620	318	503	84	618	592	54
621	57	55	88	765	615	648
622	308	307	309	642	0	0
623	309	523	311	584	589	639
624	307	305	304	0	628	645
625	6	523	7	768	643	267
626	304	303	302	0	629	0
627	302	301	300	0	629	0
628	304	12	307	794	624	638
629	300	304	302	626	627	638
630	1	3	2	634	633	631
631	3	1	89	616	644	630
632	2	4	491	478	641	634
633	2	56	1	635	630	641
634	3	4	2	632	630	637
635	1	56	57	648	616	633
636	4	5	6	267	478	640
637	4	3	317	47	640	634
638	300	12	304	628	629	811
639	309	9	523	768	623	642
640	5	4	317	637	245	636
641	491	56	2	633	632	764
642	309	307	9	787	639	622
643	7	491	6	478	625	872
644	503	3	89	631	613	47
645	305	307	306	0	0	624
646	507	533	78	564	597	268
647	69	71	533	480	531	468
648	56	55	57	621	635	764
649	126	127	125	651	674	650
650	127	126	128	658	655	649
651	124	125	127	649	660	666
652	125	120	492	662	674	671
653	131	130	128	656	302	654
654	131	132	130	673	653	508
655	128	129	127	660	650	656
656	129	128	130	653	657	655
657	478	129	130	656	529	278
658	126	497	128	484	650	659
659	497	126	492	674	867	658
660	124	127	129	655	278	651
661	118	120	119	663	759	662
662	492	120	118	661	219	652
663	119	120	121	670	672	661
664	119	478	535	59	50	672
665	123	124	122	309	668	666
666	124	123	125	671	651	665
667	121	122	478	309	672	668
668	122	121	123	670	665	667
669	23	20	525	400	538	704
670	123	121	120	663	671	668
671	125	123	120	670	652	666
672	119	121	478	667	664	663
673	132	484	130	529	654	534
674	125	492	126	659	649	652
675	26	25	27	300	678	699
676	137	138	484	833	506	524
677	28	27	29	680	681	678
678	26	27	28	677	698	675
679	34	35	33	758	686	703
680	29	27	493	866	684	677
681	28	29	30	694	693	677
682	34	32	29	694	684	686
683	31	33	36	758	97	697
684	493	34	29	682	680	703
685	532	525	526	702	539	98
686	33	32	34	682	679	697
687	23	24	22	689	690	688
688	23	25	24	699	687	538
689	479	22	24	687	691	695
690	22	21	23	704	687	695
691	24	26	479	698	689	699
692	478	484	525	702	59	529
693	28	30	479	780	698	681
694	30	29	32	682	696	681
695	22	479	21	739	690	689
696	31	30	32	694	697	780
697	32	33	31	683	696	686
698	479	26	28	678	693	691
699	25	26	24	691	688	675
700	273	479	274	102	0	843
701	517	479	31	780	97	102
702	484	526	525	685	692	301
703	34	493	35	814	679	684
704	21	20	23	669	690	739
705	254	252	255	706	0	711
706	255	252	250	723	422	705
707	247	531	539	581	724	728
708	540	98	97	331	716	741
709	257	259	258	0	0	224
710	259	542	524	417	744	224
711	252	254	253	0	0	705
712	498	205	204	151	158	870
713	512	505	475	168	586	747
714	381	538	383	16	27	22
715	539	542	256	756	452	558
716	540	97	92	426	332	708
717	65	526	64	311	533	121
718	531	246	239	407	55	728
719	490	531	554	55	812	588
720	540	536	547	94	401	332
721	247	249	248	0	0	725
722	245	244	246	406	0	0
723	252	251	250	0	706	0
724	247	539	250	422	725	707
725	250	249	247	721	724	0
726	355	556	357	409	873	130
727	538	548	485	432	37	22
728	246	531	247	707	0	718
729	269	265	271	748	735	751
730	264	516	271	734	748	753
731	481	507	54	611	770	264
732	267	269	268	0	0	751
733	202	206	475	169	168	167
734	516	479	271	738	730	757
735	271	270	269	0	729	0
736	476	163	161	510	482	513
737	530	178	176	74	89	85
738	479	272	271	0	734	843
739	21	479	20	757	704	695
740	103	511	105	372	362	341
741	511	98	540	708	274	330
742	262	261	524	746	445	0
743	513	557	534	455	339	24
744	259	524	260	746	0	710
745	518	541	443	293	440	129
746	261	260	524	744	742	0
747	505	512	511	372	853	713
748	264	271	265	729	0	730
749	369	367	527	96	207	93
750	267	266	265	0	751	0
751	269	267	265	750	729	732
752	490	91	95	404	3	425
753	516	264	263	0	398	730
754	445	541	448	314	289	293
755	482	540	495	852	328	274
756	542	257	256	0	715	224
757	20	479	516	734	400	739
758	33	35	36	840	683	679
759	118	119	117	50	373	661
760	52	54	53	762	763	770
761	52	49	481	773	770	781
762	53	54	55	765	769	760
763	51	52	53	760	776	782
764	55	56	491	641	769	648
765	54	88	55	621	762	614
766	8	290	7	872	767	777
767	9	8	7	766	768	771
768	9	7	523	625	639	767
769	55	491	53	776	762	764
770	54	52	481	761	731	760
771	291	8	9	767	784	777
772	48	49	47	774	775	773
773	48	481	49	761	772	785
774	47	49	50	781	778	772
775	48	47	46	864	842	772
776	53	491	51	851	763	769
777	290	8	291	771	0	766
778	47	50	281	865	864	774
779	51	284	50	841	782	860
780	479	30	31	696	701	693
781	50	49	52	761	782	774
782	52	51	50	779	781	763
783	288	491	290	872	850	218
784	9	10	291	810	771	787
785	45	481	48	773	842	823
786	10	12	11	788	810	794
787	9	307	10	794	784	642
788	293	11	12	786	801	809
789	291	11	292	809	0	810
790	480	298	14	803	793	862
791	18	19	17	806	808	792
792	19	18	298	795	0	791
793	14	13	480	797	790	796
794	12	10	307	787	628	786
795	18	16	298	803	792	808
796	13	14	15	800	798	793
797	13	12	480	863	793	801
798	15	294	13	799	796	804
799	13	294	293	0	801	798
800	14	16	15	807	796	803
801	13	293	12	788	797	799
802	16	17	296	805	807	808
803	16	14	298	790	795	800
804	294	15	296	807	846	798
805	297	296	17	802	806	0
806	17	19	297	0	805	791
807	16	296	15	804	800	802
808	18	17	16	802	795	791
809	11	293	292	0	789	788
810	11	291	10	784	786	789
811	299	12	300	638	0	863
812	490	554	555	377	290	719
813	528	506	41	818	272	246
814	528	35	493	703	593	587
815	40	41	42	822	819	272
816	38	37	40	871	837	826
817	44	45	43	839	820	856
818	44	41	506	813	856	822
819	39	40	42	815	836	837
820	43	42	44	822	817	832
821	43	280	278	858	824	868
822	44	42	41	815	818	820
823	506	481	45	785	856	264
824	494	43	278	821	292	832
825	517	276	275	0	828	831
826	36	37	38	816	829	840
827	504	159	156	487	485	537
828	275	274	517	102	825	0
829	38	494	36	830	826	287
830	36	494	517	831	97	829
831	494	276	517	825	830	292
832	42	43	494	824	836	820
833	138	488	484	301	676	523
834	277	276	278	292	0	0
835	526	488	63	532	311	301
836	494	39	42	819	832	287
837	40	39	38	287	816	819
838	435	552	437	279	269	284
839	43	45	46	842	868	817
840	37	36	35	758	587	826
841	50	284	283	0	865	779
842	46	45	48	785	775	839
843	479	273	272	0	738	700
844	286	288	287	0	0	218
845	204	203	508	161	158	148
846	294	296	295	0	0	804
847	144	487	143	199	198	44
848	154	497	152	139	540	430
849	509	486	558	461	386	138
850	289	288	290	783	0	0
851	491	286	51	860	776	218
852	499	495	540	755	401	123
853	505	511	482	274	277	747
854	281	280	46	868	864	0
855	512	116	114	354	350	355
856	44	506	45	823	817	818
857	281	283	282	0	0	865
858	279	278	280	821	0	0
859	284	286	285	0	0	860
860	284	51	286	851	859	779
861	214	474	215	283	188	189
862	298	480	299	863	0	790
863	12	299	480	862	797	811
864	281	46	47	775	778	854
865	283	281	50	778	841	857
866	493	27	532	300	441	680
867	497	492	487	206	44	659
868	280	43	46	839	854	821
869	153	509	504	454	470	40
870	208	205	498	712	153	157
871	37	528	40	272	816	587
872	491	7	290	766	783	643
873	357	356	355	0	726	0
1	744412.00000000000000000000	3359535.00000000000000000000	55.698398590087891	60.698398590087891
2	744712.00000000000000000000	3359685.00000000000000000000	55.698398590087891	60.698398590087891
3	745312.00000000000000000000	3359085.00000000000000000000	55.465499877929688	60.465499877929688
4	747112.00000000000000000000	3359685.00000000000000000000	54.975399017333984	59.975399017333984
5	748312.00000000000000000000	3359535.00000000000000000000	54.975399017333984	59.975399017333984
6	749062.00000000000000000000	3360285.00000000000000000000	54.975399017333984	59.975399017333984
7	749962.00000000000000000000	3360735.00000000000000000000	54.975399017333984	59.975399017333984
8	751312.00000000000000000000	3362085.00000000000000000000	54.975399017333984	59.975399017333984
9	752512.00000000000000000000	3362085.00000000000000000000	54.975399017333984	59.975399017333984
10	753562.00000000000000000000	3362535.00000000000000000000	54.975399017333984	59.975399017333984
11	754012.00000000000000000000	3362985.00000000000000000000	54.975399017333984	59.975399017333984
12	756112.00000000000000000000	3362685.00000000000000000000	54.975399017333984	59.975399017333984
13	757462.00000000000000000000	3364035.00000000000000000000	54.975399017333984	59.975399017333984
14	757762.00000000000000000000	3363885.00000000000000000000	54.975399017333984	59.975399017333984
15	758212.00000000000000000000	3364485.00000000000000000000	54.116798400878906	59.116798400878906
16	758662.00000000000000000000	3364185.00000000000000000000	52.526500701904297	57.526500701904297
17	759412.00000000000000000000	3364185.00000000000000000000	52.526500701904297	57.526500701904297
18	759712.00000000000000000000	3363585.00000000000000000000	46.320499420166016	51.320499420166016
19	760612.00000000000000000000	3363135.00000000000000000000	45.359798431396484	50.359798431396484
20	725512.00000000000000000000	3371835.00000000000000000000	78.331497192382812	83.331497192382812
21	726112.00000000000000000000	3371535.00000000000000000000	77.703796386718750	82.703796386718750
22	726262.00000000000000000000	3371235.00000000000000000000	77.305297851562500	82.305297851562500
23	725962.00000000000000000000	3370935.00000000000000000000	76.945800781250000	81.945800781250000
24	726712.00000000000000000000	3370335.00000000000000000000	76.120903015136719	81.120903015136719
25	727162.00000000000000000000	3369435.00000000000000000000	75.513603210449219	80.513603210449219
26	727612.00000000000000000000	3369585.00000000000000000000	75.136596679687500	80.136596679687500
27	728212.00000000000000000000	3369135.00000000000000000000	74.180999755859375	79.180999755859375
28	728512.00000000000000000000	3369435.00000000000000000000	74.103202819824219	79.103202819824219
29	729412.00000000000000000000	3369285.00000000000000000000	73.613502502441406	78.613502502441406
30	730012.00000000000000000000	3369885.00000000000000000000	72.909797668457031	77.909797668457031
31	731062.00000000000000000000	3369885.00000000000000000000	71.975196838378906	76.975196838378906
32	731062.00000000000000000000	3369435.00000000000000000000	71.652496337890625	76.652496337890625
33	731662.00000000000000000000	3368985.00000000000000000000	70.983703613281250	75.983703613281250
34	731512.00000000000000000000	3368385.00000000000000000000	70.755203247070312	75.755203247070312
35	731962.00000000000000000000	3368085.00000000000000000000	70.426902770996094	75.426902770996094
36	733312.00000000000000000000	3368535.00000000000000000000	69.364303588867188	74.364303588867188
37	733762.00000000000000000000	3368085.00000000000000000000	68.908096313476562	73.908096313476562
38	734212.00000000000000000000	3368385.00000000000000000000	68.405700683593750	73.405700683593750
39	734662.00000000000000000000	3368085.00000000000000000000	67.864997863769531	72.864997863769531
40	734662.00000000000000000000	3367785.00000000000000000000	67.738700866699219	72.738700866699219
41	735412.00000000000000000000	3367335.00000000000000000000	67.218101501464844	72.218101501464844
42	735862.00000000000000000000	3367785.00000000000000000000	66.500999450683594	71.500999450683594
43	736462.00000000000000000000	3367785.00000000000000000000	65.901603698730469	70.901603698730469
44	736762.00000000000000000000	3366585.00000000000000000000	65.111396789550781	70.111396789550781
45	737362.00000000000000000000	3366285.00000000000000000000	64.278800964355469	69.278800964355469
46	739012.00000000000000000000	3366585.00000000000000000000	62.810401916503906	67.810401916503906
47	739762.00000000000000000000	3365985.00000000000000000000	62.195602416992188	67.195602416992188
48	739612.00000000000000000000	3365685.00000000000000000000	62.036499023437500	67.036499023437500
49	739912.00000000000000000000	3365385.00000000000000000000	61.596801757812500	66.596801757812500
50	741112.00000000000000000000	3365235.00000000000000000000	60.815498352050781	65.815498352050781
51	741562.00000000000000000000	3364635.00000000000000000000	60.417800903320312	65.417800903320312
52	741112.00000000000000000000	3363735.00000000000000000000	59.722297668457031	64.722297668457031
53	742012.00000000000000000000	3362835.00000000000000000000	58.901199340820312	63.901199340820312
54	742012.00000000000000000000	3361935.00000000000000000000	58.279899597167969	63.279899597167969
55	743512.00000000000000000000	3360885.00000000000000000000	57.197498321533203	62.197498321533203
56	743812.00000000000000000000	3360435.00000000000000000000	56.793800354003906	61.793800354003906
57	743662.00000000000000000000	3359985.00000000000000000000	56.703800201416016	61.703800201416016
58	717712.00000000000000000000	3355485.00000000000000000000	71.345397949218750	76.345397949218750
59	718012.00000000000000000000	3355485.00000000000000000000	71.345397949218750	76.345397949218750
60	718462.00000000000000000000	3355935.00000000000000000000	70.823699951171875	75.823699951171875
61	718912.00000000000000000000	3355785.00000000000000000000	70.552696228027344	75.552696228027344
62	720112.00000000000000000000	3356085.00000000000000000000	69.816200256347656	74.816200256347656
63	720862.00000000000000000000	3356835.00000000000000000000	69.050102233886719	74.050102233886719
64	721762.00000000000000000000	3356835.00000000000000000000	68.793502807617188	73.793502807617188
65	722812.00000000000000000000	3356085.00000000000000000000	68.218399047851562	73.218399047851562
66	722362.00000000000000000000	3355335.00000000000000000000	68.008003234863281	73.008003234863281
67	722662.00000000000000000000	3355035.00000000000000000000	67.763198852539062	72.763198852539062
68	723562.00000000000000000000	3354585.00000000000000000000	67.540000915527344	72.540000915527344
69	725662.00000000000000000000	3354585.00000000000000000000	67.540000915527344	72.540000915527344
70	726862.00000000000000000000	3353835.00000000000000000000	67.540000915527344	72.540000915527344
71	727912.00000000000000000000	3354435.00000000000000000000	67.540000915527344	72.540000915527344
72	729562.00000000000000000000	3354285.00000000000000000000	67.540000915527344	72.540000915527344
73	730612.00000000000000000000	3355335.00000000000000000000	67.540000915527344	72.540000915527344
74	732112.00000000000000000000	3355185.00000000000000000000	67.540000915527344	72.540000915527344
75	732862.00000000000000000000	3355785.00000000000000000000	67.540000915527344	72.540000915527344
76	733912.00000000000000000000	3356235.00000000000000000000	67.540000915527344	72.540000915527344
77	734662.00000000000000000000	3356235.00000000000000000000	67.540000915527344	72.540000915527344
78	735712.00000000000000000000	3356985.00000000000000000000	67.540000915527344	72.540000915527344
79	736762.00000000000000000000	3356685.00000000000000000000	67.540000915527344	72.540000915527344
80	737662.00000000000000000000	3357585.00000000000000000000	66.418403625488281	71.418403625488281
81	737962.00000000000000000000	3357435.00000000000000000000	58.360698699951172	63.360698699951172
82	738262.00000000000000000000	3357735.00000000000000000000	58.097698211669922	63.097698211669922
83	739012.00000000000000000000	3357135.00000000000000000000	57.757900238037109	62.757900238037109
84	740062.00000000000000000000	3356985.00000000000000000000	57.373199462890625	62.373199462890625
85	741112.00000000000000000000	3358035.00000000000000000000	57.373199462890625	62.373199462890625
86	741562.00000000000000000000	3357885.00000000000000000000	57.373199462890625	62.373199462890625
87	742162.00000000000000000000	3358185.00000000000000000000	57.373199462890625	62.373199462890625
88	742762.00000000000000000000	3358935.00000000000000000000	56.660598754882812	61.660598754882812
89	743062.00000000000000000000	3358785.00000000000000000000	56.418800354003906	61.418800354003906
90	701062.00000000000000000000	3377835.00000000000000000000	98.035003662109375	103.035003662109375
91	701512.00000000000000000000	3377535.00000000000000000000	97.415000915527344	102.415000915527344
92	700912.00000000000000000000	3376635.00000000000000000000	97.202003479003906	102.202003479003906
93	701512.00000000000000000000	3376335.00000000000000000000	96.777000427246094	101.777000427246094
94	701512.00000000000000000000	3375885.00000000000000000000	96.777000427246094	101.777000427246094
95	702262.00000000000000000000	3375735.00000000000000000000	95.523002624511719	100.523002624511719
96	702262.00000000000000000000	3374535.00000000000000000000	94.808097839355469	99.808097839355469
97	701512.00000000000000000000	3373335.00000000000000000000	93.663398742675781	98.663398742675781
98	701662.00000000000000000000	3371985.00000000000000000000	92.186599731445312	97.186599731445312
99	702112.00000000000000000000	3371985.00000000000000000000	91.630500793457031	96.630500793457031
100	702412.00000000000000000000	3371685.00000000000000000000	91.630500793457031	96.630500793457031
101	702862.00000000000000000000	3371835.00000000000000000000	91.549697875976562	96.549697875976562
102	703762.00000000000000000000	3371085.00000000000000000000	90.737602233886719	95.737602233886719
103	703762.00000000000000000000	3370635.00000000000000000000	90.114898681640625	95.114898681640625
104	704212.00000000000000000000	3370035.00000000000000000000	89.668296813964844	94.668296813964844
105	704212.00000000000000000000	3368985.00000000000000000000	89.410003662109375	94.410003662109375
106	705412.00000000000000000000	3368985.00000000000000000000	88.141998291015625	93.141998291015625
107	705562.00000000000000000000	3368385.00000000000000000000	87.805099487304688	92.805099487304688
108	706162.00000000000000000000	3367785.00000000000000000000	86.758697509765625	91.758697509765625
109	706312.00000000000000000000	3367935.00000000000000000000	86.601196289062500	91.601196289062500
110	707212.00000000000000000000	3367635.00000000000000000000	86.152297973632812	91.152297973632812
111	707512.00000000000000000000	3367935.00000000000000000000	86.060699462890625	91.060699462890625
112	707812.00000000000000000000	3367635.00000000000000000000	85.833999633789062	90.833999633789062
113	708262.00000000000000000000	3367635.00000000000000000000	85.572303771972656	90.572303771972656
114	708112.00000000000000000000	3366885.00000000000000000000	85.097900390625000	90.097900390625000
115	708862.00000000000000000000	3366735.00000000000000000000	85.097900390625000	90.097900390625000
116	709162.00000000000000000000	3366135.00000000000000000000	84.681297302246094	89.681297302246094
117	710212.00000000000000000000	3365685.00000000000000000000	83.244201660156250	88.244201660156250
118	710662.00000000000000000000	3364935.00000000000000000000	82.503097534179688	87.503097534179688
119	711412.00000000000000000000	3364785.00000000000000000000	82.004798889160156	87.004798889160156
120	711862.00000000000000000000	3364185.00000000000000000000	80.966400146484375	85.966400146484375
121	712312.00000000000000000000	3364185.00000000000000000000	80.781097412109375	85.781097412109375
122	712912.00000000000000000000	3363735.00000000000000000000	80.366996765136719	85.366996765136719
123	712762.00000000000000000000	3363585.00000000000000000000	79.817398071289062	84.817398071289062
124	713062.00000000000000000000	3363435.00000000000000000000	79.684196472167969	84.684196472167969
125	712612.00000000000000000000	3362985.00000000000000000000	79.684196472167969	84.684196472167969
126	712612.00000000000000000000	3362385.00000000000000000000	79.278602600097656	84.278602600097656
127	713062.00000000000000000000	3362235.00000000000000000000	78.992897033691406	83.992897033691406
128	713362.00000000000000000000	3361785.00000000000000000000	78.600799560546875	83.600799560546875
129	713812.00000000000000000000	3361785.00000000000000000000	78.122703552246094	83.122703552246094
130	714412.00000000000000000000	3361185.00000000000000000000	77.128501892089844	82.128501892089844
131	714412.00000000000000000000	3360585.00000000000000000000	76.690696716308594	81.690696716308594
132	714862.00000000000000000000	3360435.00000000000000000000	76.547203063964844	81.547203063964844
133	715162.00000000000000000000	3359835.00000000000000000000	75.711799621582031	80.711799621582031
134	714862.00000000000000000000	3359385.00000000000000000000	74.888397216796875	79.888397216796875
135	715012.00000000000000000000	3359235.00000000000000000000	74.888397216796875	79.888397216796875
136	715462.00000000000000000000	3358935.00000000000000000000	74.604400634765625	79.604400634765625
137	716212.00000000000000000000	3359085.00000000000000000000	74.130401611328125	79.130401611328125
138	716512.00000000000000000000	3358785.00000000000000000000	73.825302124023438	78.825302124023438
139	716212.00000000000000000000	3357135.00000000000000000000	72.848899841308594	77.848899841308594
140	716662.00000000000000000000	3356235.00000000000000000000	72.702301025390625	77.702301025390625
141	717412.00000000000000000000	3355485.00000000000000000000	71.373596191406250	76.373596191406250
142	705262.00000000000000000000	3357135.00000000000000000000	84.525596618652344	89.525596618652344
143	705562.00000000000000000000	3357435.00000000000000000000	84.431503295898438	89.431503295898438
144	706162.00000000000000000000	3357435.00000000000000000000	83.668197631835938	88.668197631835938
145	706762.00000000000000000000	3355635.00000000000000000000	82.384803771972656	87.384803771972656
146	707212.00000000000000000000	3355485.00000000000000000000	82.177597045898438	87.177597045898438
147	707362.00000000000000000000	3355785.00000000000000000000	81.862701416015625	86.862701416015625
148	707962.00000000000000000000	3355935.00000000000000000000	81.818397521972656	86.818397521972656
149	708562.00000000000000000000	3355635.00000000000000000000	81.013298034667969	86.013298034667969
150	709162.00000000000000000000	3354885.00000000000000000000	81.013298034667969	86.013298034667969
151	709762.00000000000000000000	3355035.00000000000000000000	80.582099914550781	85.582099914550781
152	710212.00000000000000000000	3355485.00000000000000000000	80.094100952148438	85.094100952148438
153	711562.00000000000000000000	3355485.00000000000000000000	78.408897399902344	83.408897399902344
154	712162.00000000000000000000	3356085.00000000000000000000	77.808601379394531	82.808601379394531
155	712462.00000000000000000000	3355785.00000000000000000000	76.761100769042969	81.761100769042969
156	713062.00000000000000000000	3356085.00000000000000000000	76.587898254394531	81.587898254394531
157	712912.00000000000000000000	3356385.00000000000000000000	76.342597961425781	81.342597961425781
158	713662.00000000000000000000	3356985.00000000000000000000	75.939399719238281	80.939399719238281
159	714562.00000000000000000000	3356235.00000000000000000000	74.432296752929688	79.432296752929688
160	714712.00000000000000000000	3356385.00000000000000000000	74.432296752929688	79.432296752929688
161	715762.00000000000000000000	3355785.00000000000000000000	73.152702331542969	78.152702331542969
162	716662.00000000000000000000	3355785.00000000000000000000	72.343597412109375	77.343597412109375
163	717262.00000000000000000000	3355335.00000000000000000000	71.345397949218750	76.345397949218750
164	680812.00000000000000000000	3366135.00000000000000000000	111.282997131347656	116.282997131347656
165	682012.00000000000000000000	3365235.00000000000000000000	110.504997253417969	115.504997253417969
166	682312.00000000000000000000	3365535.00000000000000000000	109.792999267578125	114.792999267578125
167	683062.00000000000000000000	3365535.00000000000000000000	109.200996398925781	114.200996398925781
168	683362.00000000000000000000	3364935.00000000000000000000	108.599998474121094	113.599998474121094
169	682912.00000000000000000000	3364485.00000000000000000000	108.599998474121094	113.599998474121094
170	683362.00000000000000000000	3363585.00000000000000000000	107.822998046875000	112.822998046875000
171	683812.00000000000000000000	3364035.00000000000000000000	107.253997802734375	112.253997802734375
172	684562.00000000000000000000	3363285.00000000000000000000	105.980003356933594	110.980003356933594
173	685762.00000000000000000000	3363285.00000000000000000000	105.303001403808594	110.303001403808594
174	686062.00000000000000000000	3362685.00000000000000000000	104.813003540039062	109.813003540039062
175	685912.00000000000000000000	3362085.00000000000000000000	104.329002380371094	109.329002380371094
176	686662.00000000000000000000	3360885.00000000000000000000	103.961997985839844	108.961997985839844
177	687562.00000000000000000000	3361335.00000000000000000000	103.419998168945312	108.419998168945312
178	687862.00000000000000000000	3360885.00000000000000000000	103.080001831054688	108.080001831054688
179	688462.00000000000000000000	3361635.00000000000000000000	102.099998474121094	107.099998474121094
180	688912.00000000000000000000	3361335.00000000000000000000	102.049003601074219	107.049003601074219
181	689212.00000000000000000000	3361485.00000000000000000000	101.804000854492188	106.804000854492188
182	689512.00000000000000000000	3361035.00000000000000000000	101.767997741699219	106.767997741699219
183	690562.00000000000000000000	3361935.00000000000000000000	100.300003051757812	105.300003051757812
184	691162.00000000000000000000	3361335.00000000000000000000	100.134002685546875	105.134002685546875
185	691612.00000000000000000000	3361635.00000000000000000000	100.079002380371094	105.079002380371094
186	692212.00000000000000000000	3361635.00000000000000000000	99.776000976562500	104.776000976562500
187	692512.00000000000000000000	3361335.00000000000000000000	99.486000061035156	104.486000061035156
188	692062.00000000000000000000	3360735.00000000000000000000	99.272003173828125	104.272003173828125
189	692212.00000000000000000000	3359985.00000000000000000000	98.478996276855469	103.478996276855469
190	692662.00000000000000000000	3359685.00000000000000000000	98.046997070312500	103.046997070312500
191	692962.00000000000000000000	3359985.00000000000000000000	97.924003601074219	102.924003601074219
192	693412.00000000000000000000	3359985.00000000000000000000	97.924003601074219	102.924003601074219
193	693712.00000000000000000000	3359085.00000000000000000000	96.569000244140625	101.569000244140625
194	694312.00000000000000000000	3359085.00000000000000000000	96.057998657226562	101.057998657226562
195	694462.00000000000000000000	3359535.00000000000000000000	95.768997192382812	100.768997192382812
196	694912.00000000000000000000	3359835.00000000000000000000	95.768997192382812	100.768997192382812
197	695662.00000000000000000000	3359085.00000000000000000000	95.158996582031250	100.158996582031250
198	696262.00000000000000000000	3359235.00000000000000000000	93.694900512695312	98.694900512695312
199	696562.00000000000000000000	3358785.00000000000000000000	93.055496215820312	98.055496215820312
200	697312.00000000000000000000	3359085.00000000000000000000	92.687599182128906	97.687599182128906
201	697762.00000000000000000000	3358785.00000000000000000000	92.503700256347656	97.503700256347656
202	697912.00000000000000000000	3358935.00000000000000000000	92.258796691894531	97.258796691894531
203	698062.00000000000000000000	3358335.00000000000000000000	91.920799255371094	96.920799255371094
204	698662.00000000000000000000	3358035.00000000000000000000	91.402999877929688	96.402999877929688
205	700162.00000000000000000000	3358335.00000000000000000000	89.712303161621094	94.712303161621094
206	700162.00000000000000000000	3358785.00000000000000000000	89.391296386718750	94.391296386718750
207	700462.00000000000000000000	3358785.00000000000000000000	89.224502563476562	94.224502563476562
208	700912.00000000000000000000	3358335.00000000000000000000	88.742401123046875	93.742401123046875
209	701212.00000000000000000000	3358635.00000000000000000000	88.174201965332031	93.174201965332031
210	701662.00000000000000000000	3358335.00000000000000000000	87.618202209472656	92.618202209472656
211	701962.00000000000000000000	3358485.00000000000000000000	87.582901000976562	92.582901000976562
212	702262.00000000000000000000	3358185.00000000000000000000	87.272102355957031	92.272102355957031
213	702712.00000000000000000000	3358485.00000000000000000000	86.716796875000000	91.716796875000000
214	703012.00000000000000000000	3357885.00000000000000000000	86.339202880859375	91.339202880859375
215	703312.00000000000000000000	3358035.00000000000000000000	86.206100463867188	91.206100463867188
216	704812.00000000000000000000	3356985.00000000000000000000	85.061401367187500	90.061401367187500
217	705112.00000000000000000000	3357285.00000000000000000000	84.666603088378906	89.666603088378906
218	698662.00000000000000000000	3352335.00000000000000000000	95.870002746582031	100.870002746582031
219	699112.00000000000000000000	3352335.00000000000000000000	94.830497741699219	99.830497741699219
220	699562.00000000000000000000	3352785.00000000000000000000	94.623298645019531	99.623298645019531
221	699862.00000000000000000000	3352485.00000000000000000000	94.371498107910156	99.371498107910156
222	700912.00000000000000000000	3352485.00000000000000000000	92.469398498535156	97.469398498535156
223	701362.00000000000000000000	3353535.00000000000000000000	91.377799987792969	96.377799987792969
224	701962.00000000000000000000	3353835.00000000000000000000	90.125900268554688	95.125900268554688
225	702412.00000000000000000000	3354585.00000000000000000000	89.559700012207031	94.559700012207031
226	703162.00000000000000000000	3354885.00000000000000000000	88.172203063964844	93.172203063964844
227	703012.00000000000000000000	3355335.00000000000000000000	87.720199584960938	92.720199584960938
228	703612.00000000000000000000	3355935.00000000000000000000	86.591300964355469	91.591300964355469
229	704962.00000000000000000000	3356385.00000000000000000000	85.127601623535156	90.127601623535156
230	704812.00000000000000000000	3356685.00000000000000000000	85.127601623535156	90.127601623535156
231	705412.00000000000000000000	3356985.00000000000000000000	84.525596618652344	89.525596618652344
232	700837.00000000000000000000	3392460.00000000000000000000	173.212005615234375	178.212005615234375
233	701737.00000000000000000000	3393660.00000000000000000000	176.048004150390625	181.048004150390625
234	701737.00000000000000000000	3394410.00000000000000000000	181.615005493164062	186.615005493164062
235	702337.00000000000000000000	3394410.00000000000000000000	173.992996215820312	178.992996215820312
236	702637.00000000000000000000	3393960.00000000000000000000	162.449996948242188	167.449996948242188
237	703837.00000000000000000000	3393810.00000000000000000000	170.279006958007812	175.279006958007812
238	703987.00000000000000000000	3392310.00000000000000000000	154.574996948242188	159.574996948242188
239	705187.00000000000000000000	3391860.00000000000000000000	160.927001953125000	165.927001953125000
240	706537.00000000000000000000	3392760.00000000000000000000	166.651000976562500	171.651000976562500
241	706687.00000000000000000000	3393660.00000000000000000000	161.583999633789062	166.583999633789062
242	708037.00000000000000000000	3393660.00000000000000000000	148.936004638671875	153.936004638671875
243	709687.00000000000000000000	3393360.00000000000000000000	150.858993530273438	155.858993530273438
244	710587.00000000000000000000	3392160.00000000000000000000	148.335006713867188	153.335006713867188
245	711187.00000000000000000000	3392160.00000000000000000000	154.953002929687500	159.953002929687500
246	711187.00000000000000000000	3390960.00000000000000000000	156.421997070312500	161.421997070312500
247	712237.00000000000000000000	3390660.00000000000000000000	146.578002929687500	151.578002929687500
248	712687.00000000000000000000	3391110.00000000000000000000	147.257995605468750	152.257995605468750
249	714037.00000000000000000000	3391110.00000000000000000000	144.324996948242188	149.324996948242188
250	714787.00000000000000000000	3390510.00000000000000000000	147.354995727539062	152.354995727539062
251	715837.00000000000000000000	3390810.00000000000000000000	148.666000366210938	153.666000366210938
252	716587.00000000000000000000	3389460.00000000000000000000	138.636001586914062	143.636001586914062
253	717187.00000000000000000000	3389610.00000000000000000000	145.595993041992188	150.595993041992188
254	717187.00000000000000000000	3388260.00000000000000000000	141.507995605468750	146.507995605468750
255	716737.00000000000000000000	3387810.00000000000000000000	130.964996337890625	135.964996337890625
256	717037.00000000000000000000	3386610.00000000000000000000	126.212005615234375	131.212005615234375
257	718537.00000000000000000000	3386310.00000000000000000000	124.261993408203125	129.261993408203125
258	720037.00000000000000000000	3386760.00000000000000000000	118.682998657226562	123.682998657226562
259	720487.00000000000000000000	3385260.00000000000000000000	119.751998901367188	124.751998901367188
260	722587.00000000000000000000	3385260.00000000000000000000	118.738998413085938	123.738998413085938
261	723337.00000000000000000000	3384810.00000000000000000000	130.876998901367188	135.876998901367188
262	724237.00000000000000000000	3384210.00000000000000000000	122.561996459960938	127.561996459960938
263	724537.00000000000000000000	3382260.00000000000000000000	113.514999389648438	118.514999389648438
264	725137.00000000000000000000	3381660.00000000000000000000	119.568000793457031	124.568000793457031
265	727087.00000000000000000000	3381960.00000000000000000000	114.051002502441406	119.051002502441406
266	727687.00000000000000000000	3382560.00000000000000000000	118.533996582031250	123.533996582031250
267	729337.00000000000000000000	3382110.00000000000000000000	113.519996643066406	118.519996643066406
268	729787.00000000000000000000	3381510.00000000000000000000	115.634002685546875	120.634002685546875
269	729637.00000000000000000000	3380610.00000000000000000000	106.560997009277344	111.560997009277344
270	730087.00000000000000000000	3380460.00000000000000000000	114.685997009277344	119.685997009277344
271	729937.00000000000000000000	3379560.00000000000000000000	108.609001159667969	113.609001159667969
272	731437.00000000000000000000	3377760.00000000000000000000	104.948997497558594	109.948997497558594
273	731887.00000000000000000000	3376110.00000000000000000000	104.680000305175781	109.680000305175781
274	732937.00000000000000000000	3375210.00000000000000000000	99.610000610351562	104.610000610351562
275	733687.00000000000000000000	3375360.00000000000000000000	106.722000122070312	111.722000122070312
276	736237.00000000000000000000	3372960.00000000000000000000	103.747001647949219	108.747001647949219
277	737137.00000000000000000000	3372960.00000000000000000000	97.957000732421875	102.957000732421875
278	737587.00000000000000000000	3371010.00000000000000000000	96.191001892089844	101.191001892089844
279	740587.00000000000000000000	3369810.00000000000000000000	90.951797485351562	95.951797485351562
280	740437.00000000000000000000	3368910.00000000000000000000	87.650703430175781	92.650703430175781
281	740887.00000000000000000000	3368610.00000000000000000000	85.538597106933594	90.538597106933594
282	742537.00000000000000000000	3368910.00000000000000000000	81.386703491210938	86.386703491210938
283	742837.00000000000000000000	3368160.00000000000000000000	92.986297607421875	97.986297607421875
284	743587.00000000000000000000	3367860.00000000000000000000	92.296203613281250	97.296203613281250
285	745087.00000000000000000000	3368910.00000000000000000000	99.597999572753906	104.597999572753906
286	745687.00000000000000000000	3367560.00000000000000000000	90.175102233886719	95.175102233886719
287	747187.00000000000000000000	3367260.00000000000000000000	88.278099060058594	93.278099060058594
288	747787.00000000000000000000	3366360.00000000000000000000	87.109596252441406	92.109596252441406
289	749137.00000000000000000000	3366660.00000000000000000000	96.330001831054688	101.330001831054688
290	749737.00000000000000000000	3365460.00000000000000000000	91.390098571777344	96.390098571777344
291	753187.00000000000000000000	3365160.00000000000000000000	70.899696350097656	75.899696350097656
292	754537.00000000000000000000	3366210.00000000000000000000	89.457099914550781	94.457099914550781
293	756037.00000000000000000000	3365760.00000000000000000000	85.507698059082031	90.507698059082031
294	757087.00000000000000000000	3366510.00000000000000000000	76.785797119140625	81.785797119140625
295	758437.00000000000000000000	3366360.00000000000000000000	58.541198730468750	63.541198730468750
296	758587.00000000000000000000	3365610.00000000000000000000	56.205299377441406	61.205299377441406
297	759637.00000000000000000000	3365910.00000000000000000000	56.544300079345703	61.544300079345703
298	759787.00000000000000000000	3362460.00000000000000000000	66.772300720214844	71.772300720214844
299	759187.00000000000000000000	3361260.00000000000000000000	71.932296752929688	76.932296752929688
300	758887.00000000000000000000	3359760.00000000000000000000	92.571800231933594	97.571800231933594
301	759487.00000000000000000000	3358560.00000000000000000000	114.212997436523438	119.212997436523438
302	758137.00000000000000000000	3358110.00000000000000000000	114.774002075195312	119.774002075195312
303	758137.00000000000000000000	3357360.00000000000000000000	115.954002380371094	120.954002380371094
304	757387.00000000000000000000	3357660.00000000000000000000	119.908996582031250	124.908996582031250
305	756637.00000000000000000000	3356310.00000000000000000000	108.449996948242188	113.449996948242188
306	755887.00000000000000000000	3356160.00000000000000000000	114.207000732421875	119.207000732421875
307	755287.00000000000000000000	3356610.00000000000000000000	109.141998291015625	114.141998291015625
308	754087.00000000000000000000	3355860.00000000000000000000	110.338996887207031	115.338996887207031
309	753187.00000000000000000000	3356310.00000000000000000000	118.483001708984375	123.483001708984375
310	752887.00000000000000000000	3355560.00000000000000000000	111.148002624511719	116.148002624511719
311	751987.00000000000000000000	3355110.00000000000000000000	123.373001098632812	128.373001098632812
312	751687.00000000000000000000	3353610.00000000000000000000	105.575996398925781	110.575996398925781
313	750487.00000000000000000000	3353460.00000000000000000000	114.542999267578125	119.542999267578125
314	750637.00000000000000000000	3353010.00000000000000000000	120.183998107910156	125.183998107910156
315	749887.00000000000000000000	3352560.00000000000000000000	116.097999572753906	121.097999572753906
316	747937.00000000000000000000	3352560.00000000000000000000	124.257995605468750	129.257995605468750
317	746137.00000000000000000000	3353460.00000000000000000000	131.826004028320312	136.826004028320312
318	742837.00000000000000000000	3352860.00000000000000000000	111.448997497558594	116.448997497558594
319	742387.00000000000000000000	3349860.00000000000000000000	121.150001525878906	126.150001525878906
320	740137.00000000000000000000	3350160.00000000000000000000	142.785003662109375	147.785003662109375
321	739387.00000000000000000000	3349710.00000000000000000000	137.516006469726562	142.516006469726562
322	738637.00000000000000000000	3347160.00000000000000000000	145.837005615234375	150.837005615234375
323	736987.00000000000000000000	3347160.00000000000000000000	137.014999389648438	142.014999389648438
324	736987.00000000000000000000	3346260.00000000000000000000	136.641998291015625	141.641998291015625
325	736087.00000000000000000000	3346260.00000000000000000000	131.503005981445312	136.503005981445312
326	735337.00000000000000000000	3345210.00000000000000000000	143.914993286132812	148.914993286132812
327	732787.00000000000000000000	3345810.00000000000000000000	151.886993408203125	156.886993408203125
328	732937.00000000000000000000	3344310.00000000000000000000	150.240005493164062	155.240005493164062
329	732187.00000000000000000000	3343860.00000000000000000000	136.031005859375000	141.031005859375000
330	730987.00000000000000000000	3344010.00000000000000000000	145.934997558593750	150.934997558593750
331	730687.00000000000000000000	3343410.00000000000000000000	136.766006469726562	141.766006469726562
332	729037.00000000000000000000	3343860.00000000000000000000	148.414993286132812	153.414993286132812
333	729037.00000000000000000000	3343410.00000000000000000000	145.973999023437500	150.973999023437500
334	728287.00000000000000000000	3343410.00000000000000000000	159.951004028320312	164.951004028320312
335	727837.00000000000000000000	3340860.00000000000000000000	157.274002075195312	162.274002075195312
336	728437.00000000000000000000	3340560.00000000000000000000	151.156005859375000	156.156005859375000
337	728737.00000000000000000000	3339360.00000000000000000000	152.998992919921875	157.998992919921875
338	726787.00000000000000000000	3337260.00000000000000000000	145.718994140625000	150.718994140625000
339	725437.00000000000000000000	3337860.00000000000000000000	143.039993286132812	148.039993286132812
340	724087.00000000000000000000	3337710.00000000000000000000	132.652999877929688	137.652999877929688
341	724087.00000000000000000000	3338160.00000000000000000000	133.333999633789062	138.333999633789062
342	723037.00000000000000000000	3337860.00000000000000000000	129.205993652343750	134.205993652343750
343	723037.00000000000000000000	3339060.00000000000000000000	132.811996459960938	137.811996459960938
344	722437.00000000000000000000	3339510.00000000000000000000	133.473007202148438	138.473007202148438
345	722137.00000000000000000000	3338610.00000000000000000000	131.968002319335938	136.968002319335938
346	720487.00000000000000000000	3338310.00000000000000000000	127.914993286132812	132.914993286132812
347	720037.00000000000000000000	3336960.00000000000000000000	128.675994873046875	133.675994873046875
348	719137.00000000000000000000	3337560.00000000000000000000	132.710998535156250	137.710998535156250
349	718687.00000000000000000000	3337110.00000000000000000000	128.175994873046875	133.175994873046875
350	717037.00000000000000000000	3337560.00000000000000000000	137.406997680664062	142.406997680664062
351	716287.00000000000000000000	3336510.00000000000000000000	133.669006347656250	138.669006347656250
352	715087.00000000000000000000	3336360.00000000000000000000	130.266998291015625	135.266998291015625
353	714337.00000000000000000000	3337560.00000000000000000000	128.761001586914062	133.761001586914062
354	712837.00000000000000000000	3337710.00000000000000000000	128.744003295898438	133.744003295898438
355	712387.00000000000000000000	3338760.00000000000000000000	132.235992431640625	137.235992431640625
356	711037.00000000000000000000	3339060.00000000000000000000	127.955001831054688	132.955001831054688
357	709987.00000000000000000000	3340410.00000000000000000000	129.244995117187500	134.244995117187500
358	707887.00000000000000000000	3340860.00000000000000000000	139.162002563476562	144.162002563476562
359	707437.00000000000000000000	3341760.00000000000000000000	140.277999877929688	145.277999877929688
360	705637.00000000000000000000	3340260.00000000000000000000	139.477996826171875	144.477996826171875
361	703537.00000000000000000000	3340260.00000000000000000000	139.348007202148438	144.348007202148438
362	703237.00000000000000000000	3340860.00000000000000000000	144.152999877929688	149.152999877929688
363	701737.00000000000000000000	3341010.00000000000000000000	140.117996215820312	145.117996215820312
364	701287.00000000000000000000	3341610.00000000000000000000	144.822998046875000	149.822998046875000
365	700387.00000000000000000000	3341310.00000000000000000000	142.195999145507812	147.195999145507812
366	699637.00000000000000000000	3342210.00000000000000000000	146.839004516601562	151.839004516601562
367	698737.00000000000000000000	3342060.00000000000000000000	148.490997314453125	153.490997314453125
368	698587.00000000000000000000	3340860.00000000000000000000	149.817993164062500	154.817993164062500
369	696487.00000000000000000000	3341310.00000000000000000000	150.826004028320312	155.826004028320312
370	695137.00000000000000000000	3340560.00000000000000000000	139.171005249023438	144.171005249023438
371	694837.00000000000000000000	3341310.00000000000000000000	143.932006835937500	148.932006835937500
372	694087.00000000000000000000	3341010.00000000000000000000	147.690994262695312	152.690994262695312
373	692137.00000000000000000000	3341610.00000000000000000000	149.477996826171875	154.477996826171875
374	691837.00000000000000000000	3340710.00000000000000000000	150.938995361328125	155.938995361328125
375	690937.00000000000000000000	3341010.00000000000000000000	155.539001464843750	160.539001464843750
376	690037.00000000000000000000	3340410.00000000000000000000	160.242996215820312	165.242996215820312
377	689437.00000000000000000000	3341310.00000000000000000000	157.914993286132812	162.914993286132812
378	687937.00000000000000000000	3341010.00000000000000000000	157.960998535156250	162.960998535156250
379	687187.00000000000000000000	3341610.00000000000000000000	161.895996093750000	166.895996093750000
380	686587.00000000000000000000	3341460.00000000000000000000	168.250000000000000	173.250000000000000
381	686887.00000000000000000000	3343260.00000000000000000000	161.951995849609375	166.951995849609375
382	685987.00000000000000000000	3343260.00000000000000000000	156.352005004882812	161.352005004882812
383	685687.00000000000000000000	3344010.00000000000000000000	158.070007324218750	163.070007324218750
384	684637.00000000000000000000	3343560.00000000000000000000	163.591003417968750	168.591003417968750
385	684037.00000000000000000000	3344310.00000000000000000000	157.104995727539062	162.104995727539062
386	681337.00000000000000000000	3343860.00000000000000000000	160.455993652343750	165.455993652343750
387	680437.00000000000000000000	3344460.00000000000000000000	164.977996826171875	169.977996826171875
388	678637.00000000000000000000	3344010.00000000000000000000	178.802001953125000	183.802001953125000
389	677887.00000000000000000000	3342960.00000000000000000000	175.419998168945312	180.419998168945312
390	676837.00000000000000000000	3344010.00000000000000000000	166.018005371093750	171.018005371093750
391	675787.00000000000000000000	3344160.00000000000000000000	171.908004760742188	176.908004760742188
392	675637.00000000000000000000	3344760.00000000000000000000	173.835006713867188	178.835006713867188
393	674587.00000000000000000000	3344910.00000000000000000000	158.794998168945312	163.794998168945312
394	673987.00000000000000000000	3346110.00000000000000000000	171.207000732421875	176.207000732421875
395	672487.00000000000000000000	3345960.00000000000000000000	184.399002075195312	189.399002075195312
396	671137.00000000000000000000	3347760.00000000000000000000	191.005996704101562	196.005996704101562
397	670987.00000000000000000000	3349410.00000000000000000000	187.199996948242188	192.199996948242188
398	670087.00000000000000000000	3349560.00000000000000000000	166.748001098632812	171.748001098632812
399	670387.00000000000000000000	3351210.00000000000000000000	165.701995849609375	170.701995849609375
400	668587.00000000000000000000	3352560.00000000000000000000	164.927001953125000	169.927001953125000
401	668737.00000000000000000000	3353760.00000000000000000000	164.098999023437500	169.098999023437500
402	669637.00000000000000000000	3354510.00000000000000000000	162.432998657226562	167.432998657226562
403	669637.00000000000000000000	3355110.00000000000000000000	165.214996337890625	170.214996337890625
404	670237.00000000000000000000	3355260.00000000000000000000	167.246002197265625	172.246002197265625
405	670387.00000000000000000000	3356160.00000000000000000000	171.740997314453125	176.740997314453125
406	669187.00000000000000000000	3356610.00000000000000000000	169.000000000000000	174.000000000000000
407	669037.00000000000000000000	3357660.00000000000000000000	163.809997558593750	168.809997558593750
408	667837.00000000000000000000	3358410.00000000000000000000	162.828002929687500	167.828002929687500
409	667837.00000000000000000000	3359010.00000000000000000000	162.070999145507812	167.070999145507812
410	666637.00000000000000000000	3358710.00000000000000000000	166.283996582031250	171.283996582031250
411	666787.00000000000000000000	3359610.00000000000000000000	163.233993530273438	168.233993530273438
412	666037.00000000000000000000	3360810.00000000000000000000	153.869995117187500	158.869995117187500
413	666187.00000000000000000000	3362760.00000000000000000000	182.266998291015625	187.266998291015625
414	665737.00000000000000000000	3363510.00000000000000000000	186.395004272460938	191.395004272460938
415	665137.00000000000000000000	3363360.00000000000000000000	177.111999511718750	182.111999511718750
416	664237.00000000000000000000	3364110.00000000000000000000	184.578002929687500	189.578002929687500
417	664087.00000000000000000000	3363360.00000000000000000000	175.966995239257812	180.966995239257812
418	663487.00000000000000000000	3363060.00000000000000000000	176.121994018554688	181.121994018554688
419	661987.00000000000000000000	3364110.00000000000000000000	166.906997680664062	171.906997680664062
420	661837.00000000000000000000	3365160.00000000000000000000	176.598007202148438	181.598007202148438
421	660937.00000000000000000000	3365310.00000000000000000000	180.690994262695312	185.690994262695312
422	662137.00000000000000000000	3367560.00000000000000000000	176.356994628906250	181.356994628906250
423	661987.00000000000000000000	3368610.00000000000000000000	174.343002319335938	179.343002319335938
424	663937.00000000000000000000	3369660.00000000000000000000	171.089004516601562	176.089004516601562
425	663937.00000000000000000000	3370260.00000000000000000000	174.735000610351562	179.735000610351562
426	665587.00000000000000000000	3371160.00000000000000000000	171.873992919921875	176.873992919921875
427	666187.00000000000000000000	3372210.00000000000000000000	173.154006958007812	178.154006958007812
428	667087.00000000000000000000	3371910.00000000000000000000	171.860000610351562	176.860000610351562
429	667837.00000000000000000000	3373110.00000000000000000000	170.304992675781250	175.304992675781250
430	669187.00000000000000000000	3373710.00000000000000000000	165.753997802734375	170.753997802734375
431	669337.00000000000000000000	3375360.00000000000000000000	165.542007446289062	170.542007446289062
432	670387.00000000000000000000	3375660.00000000000000000000	166.544998168945312	171.544998168945312
433	670837.00000000000000000000	3376860.00000000000000000000	162.873001098632812	167.873001098632812
434	673087.00000000000000000000	3377910.00000000000000000000	162.634002685546875	167.634002685546875
435	673687.00000000000000000000	3377760.00000000000000000000	163.246002197265625	168.246002197265625
436	673537.00000000000000000000	3378510.00000000000000000000	164.714004516601562	169.714004516601562
437	675937.00000000000000000000	3379410.00000000000000000000	160.162002563476562	165.162002563476562
438	676387.00000000000000000000	3380460.00000000000000000000	167.371002197265625	172.371002197265625
439	677587.00000000000000000000	3380910.00000000000000000000	161.824996948242188	166.824996948242188
440	678637.00000000000000000000	3382110.00000000000000000000	164.261001586914062	169.261001586914062
441	679387.00000000000000000000	3381510.00000000000000000000	170.822006225585938	175.822006225585938
442	680137.00000000000000000000	3381810.00000000000000000000	176.953994750976562	181.953994750976562
443	681037.00000000000000000000	3382860.00000000000000000000	165.617004394531250	170.617004394531250
444	680887.00000000000000000000	3384360.00000000000000000000	178.990005493164062	183.990005493164062
445	681937.00000000000000000000	3385110.00000000000000000000	161.029006958007812	166.029006958007812
446	682237.00000000000000000000	3386310.00000000000000000000	163.753997802734375	168.753997802734375
447	682987.00000000000000000000	3387060.00000000000000000000	160.964004516601562	165.964004516601562
448	683887.00000000000000000000	3386760.00000000000000000000	155.220993041992188	160.220993041992188
449	684937.00000000000000000000	3387510.00000000000000000000	159.645996093750000	164.645996093750000
450	684937.00000000000000000000	3389010.00000000000000000000	162.697998046875000	167.697998046875000
451	685237.00000000000000000000	3389460.00000000000000000000	164.485000610351562	169.485000610351562
452	685837.00000000000000000000	3389310.00000000000000000000	152.389999389648438	157.389999389648438
453	685987.00000000000000000000	3390060.00000000000000000000	153.328002929687500	158.328002929687500
454	687187.00000000000000000000	3390210.00000000000000000000	153.190994262695312	158.190994262695312
455	687187.00000000000000000000	3391260.00000000000000000000	149.695007324218750	154.695007324218750
456	687787.00000000000000000000	3391410.00000000000000000000	151.072998046875000	156.072998046875000
457	687937.00000000000000000000	3392460.00000000000000000000	158.988998413085938	163.988998413085938
458	688387.00000000000000000000	3392460.00000000000000000000	157.524993896484375	162.524993896484375
459	688237.00000000000000000000	3393060.00000000000000000000	156.330001831054688	161.330001831054688
460	688987.00000000000000000000	3393510.00000000000000000000	162.149002075195312	167.149002075195312
461	688987.00000000000000000000	3394260.00000000000000000000	166.416000366210938	171.416000366210938
462	690037.00000000000000000000	3394860.00000000000000000000	149.835998535156250	154.835998535156250
463	690487.00000000000000000000	3396060.00000000000000000000	155.347000122070312	160.347000122070312
464	692287.00000000000000000000	3394710.00000000000000000000	151.029006958007812	156.029006958007812
465	693937.00000000000000000000	3394560.00000000000000000000	151.119003295898438	156.119003295898438
466	694087.00000000000000000000	3393360.00000000000000000000	148.768997192382812	153.768997192382812
467	694837.00000000000000000000	3392910.00000000000000000000	148.651992797851562	153.651992797851562
468	696337.00000000000000000000	3392610.00000000000000000000	149.453994750976562	154.453994750976562
469	697987.00000000000000000000	3393060.00000000000000000000	151.149993896484375	156.149993896484375
470	699337.00000000000000000000	3392010.00000000000000000000	145.884002685546875	150.884002685546875
471	700387.00000000000000000000	3392010.00000000000000000000	179.425994873046875	184.425994873046875
472	715100.63636363635305315256	3355846.36363636376336216927	75.397499084472656	80.397499084472656
473	714122.60877342824824154377	3358495.60877342848107218742	88.200698852539062	93.200698852539062
474	703883.87500000000000000000	3356835.00000000000000000000	86.102096557617188	91.102096557617188
475	700312.00000000000000000000	3360413.78245314350351691246	96.027000427246094	101.027000427246094
476	717862.00000000000000000000	3354285.00000000000000000000	83.752799987792969	88.752799987792969
477	717562.00000000000000000000	3356385.00000000000000000000	72.393096923828125	77.393096923828125
478	714615.78245314350351691246	3364399.39122657151892781258	99.346000671386719	104.346000671386719
479	727815.78245314350351691246	3372199.39122657151892781258	95.107002258300781	100.107002258300781
480	757137.00000000000000000000	3363010.00000000000000000000	55.287200927734375	60.287200927734375
481	738133.21754685649648308754	3363906.21754685649648308754	75.409896850585938	80.409896850585938
482	693990.78245314350351691246	3363113.78245314350351691246	124.539001464843750	129.539001464843750
483	720883.21754685649648308754	3353556.21754685649648308754	78.137100219726562	83.137100219726562
484	717990.78245314350351691246	3360563.78245314350351691246	102.233001708984375	107.233001708984375
485	698887.00000000000000000000	3349891.82632028497755527496	119.411003112792969	124.411003112792969
486	706172.60877342824824154377	3353116.82632028497755527496	98.535003662109375	103.535003662109375
487	704781.44444444449618458748	3359026.66666666651144623756	95.471000671386719	100.471000671386719
488	719169.14285714284051209688	3357306.42857142863795161247	80.348999023437500	85.348999023437500
489	690808.21754685649648308754	3357391.82632028497755527496	125.192993164062500	130.192993164062500
490	702915.78245314350351691246	3380128.17367971502244472504	106.011001586914062	111.011001586914062
491	745944.14285714284051209688	3362181.42857142863795161247	69.829299926757812	74.829299926757812
492	710797.00000000000000000000	3362685.00000000000000000000	96.922996520996094	101.922996520996094
493	730108.21754685649648308754	3365791.82632028497755527496	86.186996459960938	91.186996459960938
494	736162.00000000000000000000	3369698.37209302326664328575	72.282402038574219	77.282402038574219
495	691912.00000000000000000000	3363805.07377169607207179070	122.160003662109375	127.160003662109375
496	694012.00000000000000000000	3355827.43509371299296617508	127.686996459960938	132.686996459960938
497	709662.00000000000000000000	3358585.00000000000000000000	109.948997497558594	114.948997497558594
498	701513.05633802816737443209	3356464.22535211266949772835	109.344001770019531	114.344001770019531
499	686447.71428571431897580624	3366852.85714285727590322495	126.858993530273438	131.858993530273438
500	672816.65116279071662575006	3375553.60465116286650300026	151.742004394531250	156.742004394531250
501	688102.00000000000000000000	3364080.00000000000000000000	130.968994140625000	135.968994140625000
502	702323.36363636364694684744	3390523.63636363623663783073	150.231002807617188	155.231002807617188
503	743081.37086092715617269278	3355596.25827814592048525810	72.447601318359375	77.447601318359375
504	713828.13082039926666766405	3353802.73835920169949531555	99.888000488281250	104.888000488281250
505	698163.10265157220419496298	3361214.41060628881677985191	97.685997009277344	102.685997009277344
506	736130.10081283515319228172	3364571.20162567030638456345	81.816299438476562	86.816299438476562
507	737177.17148935724981129169	3360799.31404257100075483322	72.346702575683594	77.346702575683594
508	697017.94245249766390770674	3355496.88490499556064605713	134.645004272460938	139.645004272460938
509	710276.39122657175175845623	3351702.43509371299296617508	105.182998657226562	110.182998657226562
510	682687.00000000000000000000	3368647.50000000000000000000	133.059997558593750	138.059997558593750
511	700755.18181818176526576281	3368630.45454545458778738976	117.445999145507812	122.445999145507812
512	703627.00000000000000000000	3365850.00000000000000000000	116.744003295898438	121.744003295898438
513	709515.78245314350351691246	3371856.95613285852596163750	118.399002075195312	123.399002075195312
514	724705.75000000000000000000	3341910.00000000000000000000	122.279998779296875	127.279998779296875
515	734287.00000000000000000000	3353910.00000000000000000000	67.627197265625000	72.627197265625000
516	721579.43509371299296617508	3378702.43509371299296617508	114.498001098632812	119.498001098632812
517	733786.74226804124191403389	3372911.28865979379042983055	92.915100097656250	97.915100097656250
518	681390.78245314350351691246	3377588.04386714147403836250	141.264007568359375	146.264007568359375
519	675198.34735943051055073738	3354895.60877342848107218742	161.787994384765625	166.787994384765625
520	670033.95613285875879228115	3365578.17367971502244472504	130.429000854492188	135.429000854492188
521	692018.82632028474472463131	3389063.04386714147403836250	125.417007446289062	130.417007446289062
522	726218.82632028474472463131	3347706.95613285852596163750	84.556198120117188	89.556198120117188
523	750791.19254658382851630449	3357951.61490683211013674736	74.871101379394531	79.871101379394531
524	721537.00000000000000000000	3382660.00000000000000000000	101.666000366210938	106.666000366210938
525	720850.65264056948944926262	3368941.82632028497755527496	97.290000915527344	102.290000915527344
526	721312.00000000000000000000	3360151.33782437071204185486	96.026000976562500	101.026000976562500
527	698545.99870297871530056000	3345981.00778212724253535271	124.608993530273438	129.608993530273438
528	733759.22893292165827006102	3365430.38155486946925520897	86.325202941894531	91.325202941894531
529	737878.32231404958292841911	3353074.46280991751700639725	92.520500183105469	97.520500183105469
530	687262.00000000000000000000	3357389.90878995181992650032	142.054000854492188	147.054000854492188
531	710083.21754685649648308754	3385109.26141399797052145004	126.929000854492188	131.929000854492188
532	726781.00150516675785183907	3366114.00526808341965079308	106.177001953125000	111.177001953125000
533	731354.51116315543185919523	3360752.47395263751968741417	70.656700134277344	75.656700134277344
534	706604.76405995141249150038	3375135.00000000000000000000	129.218994140625000	134.218994140625000
535	711320.36513494164682924747	3369023.91008996125310659409	118.480003356933594	123.480003356933594
536	694471.87018742598593235016	3378049.39122657151892781258	114.902000427246094	119.902000427246094
537	682421.88372093020007014275	3359069.30232558120042085648	138.451995849609375	143.451995849609375
538	690102.79822377534583210945	3349740.27715804055333137512	131.757003784179688	136.757003784179688
539	713453.90652364469133317471	3386351.72663091123104095459	120.319000244140625	125.319000244140625
540	695509.22151156899053603411	3371984.69127906300127506256	129.128005981445312	134.128005981445312
541	688436.03991557157132774591	3381501.34411819977685809135	140.171997070312500	145.171997070312500
542	716871.67213114758487790823	3381883.36065573757514357567	119.869003295898438	124.869003295898438
543	678581.08478375640697777271	3361910.44637834187597036362	140.492996215820312	145.492996215820312
544	717123.26598884875420480967	3345960.44276812067255377769	86.792900085449219	91.792900085449219
545	682546.83064224687404930592	3351614.95274775056168437004	143.350006103515625	148.350006103515625
546	715680.27726779354270547628	3375045.89654071209952235222	121.678001403808594	126.678001403808594
547	688442.30916430428624153137	3373896.98221362661570310593	139.768997192382812	144.768997192382812
548	693631.06344509241171181202	3346303.43388159107416868210	113.203002929687500	118.203002929687500
549	673197.68311376112978905439	3361157.98836823925375938416	152.414993286132812	157.414993286132812
550	721330.68774999596644192934	3348606.23120752535760402679	75.631401062011719	80.631401062011719
551	677466.85496871196664869785	3350106.51632008887827396393	148.798004150390625	153.798004150390625
552	678059.92436232033651322126	3372540.89353059604763984680	133.837005615234375	138.837005615234375
553	673214.20955612137913703918	3370019.42718360759317874908	156.595993041992188	161.595993041992188
554	704541.97442804020829498768	3385435.45923657575622200966	155.520004272460938	160.520004272460938
555	697535.98090388101991266012	3384679.36656500538811087608	127.091003417968750	132.091003417968750
556	711346.34098658175207674503	3346025.08983068959787487984	97.038002014160156	102.038002014160156
557	711182.20383009826764464378	3379132.32388426735997200012	151.279998779296875	156.279998779296875
558	704567.09084058995358645916	3347189.28146652411669492722	109.859001159667969	114.859001159667969
