612882.161233
25212.264215
363373.102072
58088.624410
717999.415029
21135.348383
528134.066501
91990.690161
264045.154122
194205.233534
8994.004197
336241.046497
10973.993743
10606.760601
240668.893285
838881.504611
14522.156102
169156.444068
40888.743705
588459.136362
314118.104599
94868.035460
213493.117243
91801.435567
121799.755169
109592.346691
116871.268744
41971.226835
346659.072059
30444.665444
677346.963064
193210.137637
524512.523722
693152.904934
312500.365885
252142.733295
366604.218778
433482.465421
103985.871761
491716.850610
166308.788681
309197.000120
309801.600387
64249.423321
230814.992522
70362.695055
179080.042541
322546.862531
8308.057024
262485.642295
310146.739866
21403.478015
939497.725957
15588.921218
520826.886665
173686.361340
252921.479567
393204.185187
122758.492563
187006.246771
137114.114091
283780.039301
137515.233350
301397.538289
69838.749780
242318.063609
77526.563317
16485.982497
30918.235308
9449.355184
85064.471429
18320.893329
15843.702646
191458.908508
47589.103742
325844.646323
68723.104215
44111.780402
32653.343274
220790.204591
53643.582142
397582.218549
47324.641352
36698.376423
45521.624114
21081.219739
755431.955765
279721.498957
102928.791028
403919.196023
104599.542954
232343.584143
77527.175392
252142.733295
297777.204524
259964.679401
158586.403833
284539.611322
195206.571854
100304.955946
169676.210596
204274.317142
109790.408020
137238.234086
490024.299494
889498.922819
32680.846097
87988.201145
451131.730235
132809.429233
309154.138370
49912.072597
11762.449018
147511.689131
11758.080150
329713.576474
372078.886982
111608.299856
266218.880193
56777.159218
7786.326454
386591.264370
163606.106179
12763.941183
18841.066693
200893.415003
572260.725321
33570.189208
901530.316542
7956.328977
689470.734631
13574.227529
160889.929748
264810.091575
304564.461000
183828.770733
240734.680123
170739.450779
369438.142956
334469.848065
768781.391126
282903.086878
162220.134854
331633.308459
111404.677611
106384.551985
110569.243916
183252.882952
321630.196622
353848.362918
94603.810675
139969.224315
81629.171858
255717.121189
287005.243718
59814.881986
152096.892131
11010.963199
162673.805947
71243.085262
50486.910823
199855.206140
319686.672947
33834.954209
532357.005738
23758.670181
92909.790539
53961.103789
67963.582973
867121.666117
175041.084970
147596.259372
55579.453882
25813.458282
61071.932909
262133.533636
171493.201581
144911.430581
244218.057183
641635.273167
174143.314766
50374.696130
100231.701508
136193.885138
271208.060806
697942.442723
54981.811040
97544.269085
125808.666871
149546.997850
119629.763972
233194.986958
484389.993249
261926.813313
367283.131723
106243.838128
77306.629188
107666.787575
107973.721759
67862.921645
465933.585963
645577.281026
39735.195490
66585.126122
83575.813477
117604.285416
124083.974525
66450.693739
33338.040158
175581.122143
43604.772249
39798.006417
118263.340339
105661.193290
130480.420428
233503.085850
154662.290686
250046.604970
65640.463736
109011.930622
125294.748298
78055.225337
128952.074974
81326.360940
208200.005519
79414.554322
730618.347745
66445.367236
17091.686552
707570.282201
190416.669986
364311.286223
107666.787575
228692.520689
247087.973449
685795.513565
24860.956169
522896.740715
484174.680079
375884.666064
83739.634132
18894.133914
21285.846635
690410.138856
57196.573900
944610.613179
41474.071316
219800.965136
66468.870008
41410.302913
104906.154489
41410.302913
259095.532943
117553.382096
223899.013369
75458.774198
120305.419514
159747.367238
42566.563386
51910.443153
42662.684120
178315.030816
94323.467747
471192.406125
224142.687070
157996.271262
92047.245757
147236.632581
509891.292325
103158.392889
94323.467747
107666.787575
129976.602188
744710.931877
61655.894273
71125.469139
120196.089047
41487.544426
112126.557211
136642.427477
60194.892807
109737.302721
69559.993825
127175.140574
103333.825358
44433.226065
58088.624410
80750.474874
112017.272067
128251.191462
172105.549491
167824.086702
139478.699372
58088.624410
59814.881986
18873.047281
78687.621985
88850.442847
32642.557023
281937.090566
262202.380495
58513.967150
43958.649240
10284.596724
94456.801875
23925.952794
51937.582278
143263.498864
291518.120234
306681.484995
188044.747778
399098.460695
129157.534339
78559.405156
76801.042536
31134.750830
88971.767436
55640.486002
94999.276241
43123.651068
169794.082956
40357.204281
29032.769278
41009.250091
44642.981112
31554.133660
100668.582783
95747.560129
95703.811178
121162.405710
39843.439231
272633.833149
70408.080082
136115.541152
51199.435282
64072.555235
181846.275477
140973.386953
60301.014475
47095.531915
36885.202122
141629.572838
25057.254890
14428.471719
74037.711405
30325.939233
16333.153796
8746.638631
9343.831764
66886.761423
12571.430726
19274.240190
16104.445215
99549.651998
5958.022515
10167.718221
26505.307131
8510.609811
22140.468432
5911.043828
15215.659801
111577.760628
41528.801486
62972.300207
760913.356670
103636.123555
234341.015732
52948.652016
179529.511146
126326.077507
246195.546171
119600.039142
28313.017668
69212.462158
23213.559933
692661.929112
292695.686048
45037.657729
91200.452275
120553.708858
28858.864384
36885.202122
232928.895013
120799.206770
75466.762870
32044.662301
64369.746303
76255.250780
86814.563535
40092.597026
169903.511362
75827.135437
58736.059087
108682.460336
111627.122144
86699.452711
92227.493189
122058.805290
95754.408577
173152.872903
132644.511602
628407.299367
230578.396128
181295.663950
65983.941075
108088.363354
264606.819445
121024.804005
133055.702001
129516.349531
160096.586109
95907.061659
62470.488078
66601.991408
44304.297123
87800.833457
40782.171951
48943.914035
128763.782088
80961.505403
228843.882878
113656.651105
101696.264998
69387.039585
83397.799911
64109.397294
85381.511777
56232.530911
165641.211654
70671.767672
98520.997514
749450.721811
167933.740547
71459.754548
233644.334947
58695.614700
226026.490939
145164.889617
83050.823549
482034.923512
433251.906635
154290.514839
155518.693164
344910.257557
111347.703390
248133.891851
219750.460775
276956.491677
91399.458838
167899.289213
132473.388280
127748.151857
342668.689371
434693.842009
178331.393526
209396.752265
183871.916606
500970.830729
151837.604510
133688.317984
401705.267901
410512.918581
160959.555294
97891.740378
98492.938578
113225.306277
168952.014428
199947.070337
156537.924630
99288.395572
378917.198597
623226.354441
202264.521420
621896.318426
358877.713120
813951.307585
56173.465867
150318.886028
128495.465544
228637.002075
265747.246142
236553.661841
87913.591974
103541.515786
68238.222038
114860.125540
146512.147905
102494.365754
149815.448876
80037.531717
124535.340595
276776.637246
241172.777111
641984.472107
238411.960963
288208.169149
126749.622730
118666.866832
140864.772217
287787.688622
79871.659653
131998.639341
213775.647381
179068.305281
81678.931037
227856.816800
158416.457919
272343.631192
159710.177146
165253.519725
200335.499025
503889.369209
216115.183183
232445.883331
195551.580263
248769.354969
159078.298418
199027.756835
209675.127564
157495.538075
225137.417951
170345.536490
143646.288846
70474.779257
130162.713631
477953.268561
414357.774871
91381.095977
185168.483402
188725.736104
217759.542761
130231.602527
91535.972435
166433.010708
623759.395719
496050.662022
217551.646175
175908.156794
478797.613394
95847.551611
280715.704129
214663.246516
82873.940473
131793.343493
158640.979474
108937.011469
536034.968138
258584.335971
115557.040499
219475.813606
196257.321960
243383.914265
206415.860417
488228.777395
137687.382597
199592.848080
281307.655141
156732.903021
383111.657324
314095.866724
106743.212037
431560.291107
412911.220791
230023.700948
191313.946954
239687.769061
384770.440161
86384.438567
106807.945906
131577.153974
159710.177146
373460.066815
140252.453919
215954.873853
174524.816573
286782.139789
210805.976592
284922.215454
196844.786354
199601.856489
124698.139434
208272.410143
449981.605561
204081.029206
143913.651116
216846.971934
158166.417314
97152.201634
159362.290265
222384.560360
205722.447858
149296.734159
262461.841623
198417.020441
458988.059065
376359.662937
556467.227923
147768.981592
402234.913476
135143.274059
279607.194015
309711.954168
460540.692297
398735.924538
643182.336036
188646.935495
207016.525621
153521.978509
179513.952136
195286.870523
667233.386173
203263.051958
724286.257189
376723.032359
344943.556045
187111.005624
284598.694361
133505.721260
481941.531388
137216.027043
179855.613000
151062.559849
167740.103006
454453.159914
613511.922027
220342.060191
213246.404890
242036.589416
319546.740924
199271.812946
145372.359397
155943.401948
124844.074653
666762.254772
460540.692297
463445.793866
94868.035460
593447.135757
401303.420973
352731.034237
192940.870420
166159.926393
371799.245871
333564.397151
311600.599805
293816.610171
172136.912951
358887.089690
230672.018807
259962.603380
207124.998205
219552.494671
147389.019654
111906.044019
315465.015073
423180.617479
245268.023757
216682.054879
980263.751039
790187.399602
849806.955561
264144.729835
609212.825010
464050.658169
563557.003521
419192.414558
744761.207742
348795.476897
259335.891640
183008.319016
209594.210884
644078.471364
816875.418320
135590.485394
370812.718093
417039.392168
681715.638042
238848.931732
695475.225546
348545.569269
482424.189099
446959.359667
216183.062763
236713.430841
333301.688368
220573.043122
182885.543889
237291.861940
238070.140238
173172.582372
326767.018447
353655.443941
354444.328645
165198.605971
161912.678970
323399.764152
581689.234122
317761.054712
206321.426444
482062.974777
296651.546417
545329.422090
245591.355853
298364.574898
469448.621643
230020.823531
178244.331049
229299.920132
173646.768216
209944.924525
248372.830202
520948.751930
324610.693585
414664.406849
804601.991987
421067.683010
529339.171579
429548.934315
177559.949133
235041.654762
309154.138370
284286.219813
350365.048290
415556.758084
802712.536300
414178.739073
587594.920163
528166.815726
248143.789789
621896.318426
445540.875738
440785.936987
363667.216175
454973.922642
800808.786826
680594.656845
368754.159311
635705.501235
532172.063059
325551.404908
314916.794582
727855.880287
439039.291241
413055.997271
371237.085986
452907.404383
675802.344843
427647.659988
305129.445330
206199.218615
549196.668497
477500.092643
297586.993585
379707.658184
534130.108195
350627.271303
840793.783592
664117.594883
238549.607078
263893.976862
505123.110501
321769.458039
508542.874052
544914.653174
303062.397019
517013.247518
225954.226532
336506.961585
416457.786573
286678.906476
267657.403487
366952.048447
329364.437399
355792.094995
531349.048031
861021.110862
787634.509213
392066.814784
245073.101551
166337.719647
545080.601068
273995.186111
579195.219289
863462.660955
688987.521196
533817.393532
519978.873253
914660.996913
647634.995752
725085.069964
601352.994989
369702.161955
794967.388026
366170.713952
947327.206356
323331.602267
554979.118493
418318.061088
635024.332848
352782.731633
455011.950903
394931.027847
516817.581015
461308.795980
611391.325197
321915.627715
588814.879100
367619.100343
397345.777180
519006.796094
996006.956343
956669.547804
822840.854649
445665.115344
422900.326280
656860.138541
917288.457370
552344.743517
596170.450452
683983.808495
412315.087676
509307.597421
594804.978768
708061.453951
587566.719588
677238.756984
845618.681496
584123.222854
549511.960776
754462.449423
439039.430880
514644.555435
950975.896286
447556.304550
472617.353979
530909.241119
511242.607783
631819.307095
700282.651530
573106.218932
519433.630163
623960.382977
548386.484676
791129.970403
930560.776393
883825.280469
403987.145983
572102.034276
571153.360944
678547.727829
605327.609329
536202.756948
536408.836054
872006.725833
906457.502754
604297.386664
866325.023506
524024.899992
577171.951778
742303.086912
696032.744215
776422.707439
580047.475156
909545.266305
437800.362413
719588.840104
608213.307828
495670.148145
430774.769965
611815.704091
592650.248217
642893.166289
817802.650500
408388.363856
840793.350040
937974.347368
806400.513523
842537.663483
614327.580097
530152.809951
335227.134326
608138.885187
816964.179228
392770.022084
466714.779412
594804.978768
753864.025140
591192.969264
477324.359686
513727.676843
694094.309193
732701.191837
702920.910411
754780.936082
584654.341376
608209.852463
525007.899054
699218.788322
818972.146914
567783.187787
668915.888412
668855.999582
404064.000639
591192.969264
516404.623817
921869.657437
671513.909616
619990.390845
656488.940537
894259.232897
828085.424502
409782.157129
408388.363856
431680.390321
536618.071374
751407.700652
479362.486019
743435.206994
469600.448420
503589.721749
936483.540831
487118.174411
558066.354831
413449.218335
457469.521048
545938.799628
531252.064639
470801.423270
842768.273001
393053.135069
683249.349628
661383.391827
596440.792570
456335.653368
405406.911088
395743.705882
409535.462299
727656.321771
465882.415643
510899.868535
578865.268016
463525.608244
635999.556359
845447.492637
572717.933997
416020.610277
403226.815867
597401.448620
742773.630893
490005.302515
585702.384560
454410.576412
766370.588762
537733.899462
455617.793631
471374.518454
497622.692412
624068.389439
558066.354831
756224.982196
490398.230226
451456.178190
673402.516629
404064.000639
568493.002790
647692.460177
529900.794374
626210.027530
479956.728615
