617.824681
2078.208091
1845.352289
1916.013189
1024.000000
939.117750
657.187102
1419.198786
1419.198786
1614.924352
1326.952234
2323.507282
2376.521873
1845.352289
1004.796242
1004.796242
1024.000000
783.976815
644.424973
1275.896351
1066.713136
1288.849945
1997.717415
685.033142
837.752464
1328.516115
672.799424
708.867470
966.637459
1675.504929
864.586827
1041.100405
1950.383879
1483.577699
911.354536
1735.167341
2343.085246
1062.812892
1239.576185
519.552023
1198.699740
983.672029
720.489022
864.586827
703.722692
703.722692
519.552023
1663.065967
1472.338312
2204.272551
4257.596358
2231.655869
2231.655869
1177.480653
768.000000
768.000000
1388.133873
2609.722235
1675.504929
1251.246964
1251.246964
1939.976064
1939.976064
1080.253101
1470.927351
935.942038
512.000000
256.000000
256.000000
273.406361
512.000000
867.129667
864.586827
864.586827
1430.855645
1611.062431
922.676145
786.620927
1127.283304
583.551632
734.757517
922.676145
1018.925347
864.586827
531.406446
657.187102
864.586827
1049.047852
751.522203
983.672029
807.462176
1531.780673
1558.656068
786.620927
1741.140396
734.757517
734.757517
521.091821
512.000000
407.570139
786.620927
815.140278
663.476117
1846.477161
1251.246964
775.990426
697.052184
815.140278
1108.710645
1494.732576
1370.066285
1203.885199
1440.978045
1295.278164
697.052184
1367.031804
1367.031804
754.280092
432.293413
1367.031804
915.899973
583.551632
815.140278
866.985131
2590.556328
1161.753641
657.187102
594.130468
